%% CY3(36,98) — full GLSM data
%% 32 GLSM charges, 37 fan rays
monomialfile off;

    vertex v0 = ( 0, 0, 0, 0 ) | GLSM: ( 0, -20, -64, -10, -53, -48, -42, -32, -31, -32, -16, -15, -16, -12, -10, -8, -4, -5, -49, -38, -37, -34, -27, -26, -23, -21, -21, -19, -16, -6, -5, -2 );
    vertex v1 = ( 1, 0, 0, 0 ) | GLSM: ( 1, 0, 0, 0, 0, 0, 0, 0, 0, 0, 0, 0, 0, 0, 0, 0, 0, 0, 0, 0, 0, 0, 0, 0, 0, 0, 0, 0, 0, 0, 0, 0 );
    vertex v2 = ( -15, -10, -4, 0 ) | GLSM: ( 0, 1, 0, 0, 0, 0, 0, 0, 0, 0, 0, 0, 0, 0, 0, 0, 0, 0, 0, 0, 0, 0, 0, 0, 0, 0, 0, 0, 0, 0, 0, 0 );
    vertex v3 = ( 0, 0, 1, 0 ) | GLSM: ( 0, 4, 12, 2, 10, 9, 8, 6, 6, 6, 3, 3, 3, 2, 2, 1, 0, 1, 9, 7, 7, 6, 5, 5, 4, 4, 4, 3, 3, 1, 1, 0 );
    vertex v4 = ( 1, 2, 0, 0 ) | GLSM: ( 1, -5, -17, -2, -14, -13, -11, -8, -8, -9, -4, -4, -5, -3, -3, -2, -1, -2, -13, -10, -10, -9, -7, -7, -6, -5, -6, -5, -4, -1, -1, 0 );
    vertex v5 = ( -47, -30, -12, -4 ) | GLSM: ( 0, 0, 1, 0, 0, 0, 0, 0, 0, 0, 0, 0, 0, 0, 0, 0, 0, 0, 0, 0, 0, 0, 0, 0, 0, 0, 0, 0, 0, 0, 0, 0 );
    vertex v6 = ( -7, -5, -2, 0 ) | GLSM: ( 0, 0, 0, 1, 0, 0, 0, 0, 0, 0, 0, 0, 0, 0, 0, 0, 0, 0, 0, 0, 0, 0, 0, 0, 0, 0, 0, 0, 0, 0, 0, 0 );
    vertex v7 = ( 0, 0, 0, 1 ) | GLSM: ( 0, 0, 4, 0, 3, 3, 2, 2, 1, 2, 0, 0, 1, 0, 0, 0, 0, 0, 3, 2, 2, 2, 1, 1, 1, 1, 1, 1, 1, 0, 0, 0 );
    vertex v8 = ( 1, 1, 0, 0 ) | GLSM: ( -2, 20, 64, 9, 53, 48, 42, 31, 31, 32, 16, 15, 16, 12, 10, 8, 4, 5, 49, 38, 37, 34, 27, 26, 23, 20, 21, 19, 15, 5, 4, 1 );
    vertex v9 = ( -39, -25, -10, -3 ) | GLSM: ( 0, 0, 0, 0, 1, 0, 0, 0, 0, 0, 0, 0, 0, 0, 0, 0, 0, 0, 0, 0, 0, 0, 0, 0, 0, 0, 0, 0, 0, 0, 0, 0 );
    vertex v10 = ( -35, -22, -9, -3 ) | GLSM: ( 0, 0, 0, 0, 0, 1, 0, 0, 0, 0, 0, 0, 0, 0, 0, 0, 0, 0, 0, 0, 0, 0, 0, 0, 0, 0, 0, 0, 0, 0, 0, 0 );
    vertex v11 = ( -31, -20, -8, -2 ) | GLSM: ( 0, 0, 0, 0, 0, 0, 1, 0, 0, 0, 0, 0, 0, 0, 0, 0, 0, 0, 0, 0, 0, 0, 0, 0, 0, 0, 0, 0, 0, 0, 0, 0 );
    vertex v12 = ( -23, -15, -6, -2 ) | GLSM: ( 0, 0, 0, 0, 0, 0, 0, 1, 0, 0, 0, 0, 0, 0, 0, 0, 0, 0, 0, 0, 0, 0, 0, 0, 0, 0, 0, 0, 0, 0, 0, 0 );
    vertex v13 = ( -23, -15, -6, -1 ) | GLSM: ( 0, 0, 0, 0, 0, 0, 0, 0, 1, 0, 0, 0, 0, 0, 0, 0, 0, 0, 0, 0, 0, 0, 0, 0, 0, 0, 0, 0, 0, 0, 0, 0 );
    vertex v14 = ( -23, -14, -6, -2 ) | GLSM: ( 0, 0, 0, 0, 0, 0, 0, 0, 0, 1, 0, 0, 0, 0, 0, 0, 0, 0, 0, 0, 0, 0, 0, 0, 0, 0, 0, 0, 0, 0, 0, 0 );
    vertex v15 = ( -12, -8, -3, 0 ) | GLSM: ( 0, 0, 0, 0, 0, 0, 0, 0, 0, 0, 1, 0, 0, 0, 0, 0, 0, 0, 0, 0, 0, 0, 0, 0, 0, 0, 0, 0, 0, 0, 0, 0 );
    vertex v16 = ( -11, -7, -3, 0 ) | GLSM: ( 0, 0, 0, 0, 0, 0, 0, 0, 0, 0, 0, 1, 0, 0, 0, 0, 0, 0, 0, 0, 0, 0, 0, 0, 0, 0, 0, 0, 0, 0, 0, 0 );
    vertex v17 = ( -11, -6, -3, -1 ) | GLSM: ( 0, 0, 0, 0, 0, 0, 0, 0, 0, 0, 0, 0, 1, 0, 0, 0, 0, 0, 0, 0, 0, 0, 0, 0, 0, 0, 0, 0, 0, 0, 0, 0 );
    vertex v18 = ( -9, -6, -2, 0 ) | GLSM: ( 0, 0, 0, 0, 0, 0, 0, 0, 0, 0, 0, 0, 0, 1, 0, 0, 0, 0, 0, 0, 0, 0, 0, 0, 0, 0, 0, 0, 0, 0, 0, 0 );
    vertex v19 = ( -7, -4, -2, 0 ) | GLSM: ( 0, 0, 0, 0, 0, 0, 0, 0, 0, 0, 0, 0, 0, 0, 1, 0, 0, 0, 0, 0, 0, 0, 0, 0, 0, 0, 0, 0, 0, 0, 0, 0 );
    vertex v20 = ( -6, -4, -1, 0 ) | GLSM: ( 0, 0, 0, 0, 0, 0, 0, 0, 0, 0, 0, 0, 0, 0, 0, 1, 0, 0, 0, 0, 0, 0, 0, 0, 0, 0, 0, 0, 0, 0, 0, 0 );
    vertex v21 = ( -3, -2, 0, 0 ) | GLSM: ( 0, 0, 0, 0, 0, 0, 0, 0, 0, 0, 0, 0, 0, 0, 0, 0, 1, 0, 0, 0, 0, 0, 0, 0, 0, 0, 0, 0, 0, 0, 0, 0 );
    vertex v22 = ( -3, -1, -1, 0 ) | GLSM: ( 0, 0, 0, 0, 0, 0, 0, 0, 0, 0, 0, 0, 0, 0, 0, 0, 0, 1, 0, 0, 0, 0, 0, 0, 0, 0, 0, 0, 0, 0, 0, 0 );
    vertex v23 = ( -36, -23, -9, -3 ) | GLSM: ( 0, 0, 0, 0, 0, 0, 0, 0, 0, 0, 0, 0, 0, 0, 0, 0, 0, 0, 1, 0, 0, 0, 0, 0, 0, 0, 0, 0, 0, 0, 0, 0 );
    vertex v24 = ( -28, -18, -7, -2 ) | GLSM: ( 0, 0, 0, 0, 0, 0, 0, 0, 0, 0, 0, 0, 0, 0, 0, 0, 0, 0, 0, 1, 0, 0, 0, 0, 0, 0, 0, 0, 0, 0, 0, 0 );
    vertex v25 = ( -27, -17, -7, -2 ) | GLSM: ( 0, 0, 0, 0, 0, 0, 0, 0, 0, 0, 0, 0, 0, 0, 0, 0, 0, 0, 0, 0, 1, 0, 0, 0, 0, 0, 0, 0, 0, 0, 0, 0 );
    vertex v26 = ( -25, -16, -6, -2 ) | GLSM: ( 0, 0, 0, 0, 0, 0, 0, 0, 0, 0, 0, 0, 0, 0, 0, 0, 0, 0, 0, 0, 0, 1, 0, 0, 0, 0, 0, 0, 0, 0, 0, 0 );
    vertex v27 = ( -20, -13, -5, -1 ) | GLSM: ( 0, 0, 0, 0, 0, 0, 0, 0, 0, 0, 0, 0, 0, 0, 0, 0, 0, 0, 0, 0, 0, 0, 1, 0, 0, 0, 0, 0, 0, 0, 0, 0 );
    vertex v28 = ( -19, -12, -5, -1 ) | GLSM: ( 0, 0, 0, 0, 0, 0, 0, 0, 0, 0, 0, 0, 0, 0, 0, 0, 0, 0, 0, 0, 0, 0, 0, 1, 0, 0, 0, 0, 0, 0, 0, 0 );
    vertex v29 = ( -17, -11, -4, -1 ) | GLSM: ( 0, 0, 0, 0, 0, 0, 0, 0, 0, 0, 0, 0, 0, 0, 0, 0, 0, 0, 0, 0, 0, 0, 0, 0, 1, 0, 0, 0, 0, 0, 0, 0 );
    vertex v30 = ( -15, -10, -4, -1 ) | GLSM: ( 0, 0, 0, 0, 0, 0, 0, 0, 0, 0, 0, 0, 0, 0, 0, 0, 0, 0, 0, 0, 0, 0, 0, 0, 0, 1, 0, 0, 0, 0, 0, 0 );
    vertex v31 = ( -15, -9, -4, -1 ) | GLSM: ( 0, 0, 0, 0, 0, 0, 0, 0, 0, 0, 0, 0, 0, 0, 0, 0, 0, 0, 0, 0, 0, 0, 0, 0, 0, 0, 1, 0, 0, 0, 0, 0 );
    vertex v32 = ( -14, -9, -3, -1 ) | GLSM: ( 0, 0, 0, 0, 0, 0, 0, 0, 0, 0, 0, 0, 0, 0, 0, 0, 0, 0, 0, 0, 0, 0, 0, 0, 0, 0, 0, 1, 0, 0, 0, 0 );
    vertex v33 = ( -11, -7, -3, -1 ) | GLSM: ( 0, 0, 0, 0, 0, 0, 0, 0, 0, 0, 0, 0, 0, 0, 0, 0, 0, 0, 0, 0, 0, 0, 0, 0, 0, 0, 0, 0, 1, 0, 0, 0 );
    vertex v34 = ( -4, -3, -1, 0 ) | GLSM: ( 0, 0, 0, 0, 0, 0, 0, 0, 0, 0, 0, 0, 0, 0, 0, 0, 0, 0, 0, 0, 0, 0, 0, 0, 0, 0, 0, 0, 0, 1, 0, 0 );
    vertex v35 = ( -3, -2, -1, 0 ) | GLSM: ( 0, 0, 0, 0, 0, 0, 0, 0, 0, 0, 0, 0, 0, 0, 0, 0, 0, 0, 0, 0, 0, 0, 0, 0, 0, 0, 0, 0, 0, 0, 1, 0 );
    vertex v36 = ( -1, -1, 0, 0 ) | GLSM: ( 0, 0, 0, 0, 0, 0, 0, 0, 0, 0, 0, 0, 0, 0, 0, 0, 0, 0, 0, 0, 0, 0, 0, 0, 0, 0, 0, 0, 0, 0, 0, 1 );

%% Minimal SR ideal (key incompatible pairs)
    srideal [v0*v1];

%% Ambient cohomology for non-GLSM rays
    ambientcohom O( v32 );
    ambientcohom O( v33 );
    ambientcohom O( v34 );
    ambientcohom O( v35 );
    ambientcohom O( v36 );
    ambientcohom O( K );
    ambientcohom O( -K );